Networking Join Directed to IP 127.0.0.1:9999
1280

0x7f99726284d8
8
Hosting server.
---- 1
Client: 0 IP: 0
0x7f9972628008
8
Server start game!
CompontentTemplate Constructor Invoked
2 2 2 2 2 0 0 0 0 0 0 0 0 0 0 0 0 0 
2 1 1 1 2 0 2 2 2 2 0 2 2 2 2 2 2 0 
2 1 1 1 2 0 2 1 1 2 0 2 1 1 1 1 2 0 
2 1 1 1 2 0 2 1 1 2 0 2 1 1 1 1 2 0 
2 1 1 1 5 8 5 1 1 2 0 2 1 1 1 1 2 0 
2 1 1 1 7 7 7 1 1 2 0 2 1 1 1 1 2 0 
2 1 1 1 5 8 5 1 1 2 0 2 1 1 1 1 2 0 
2 2 2 2 2 0 2 1 1 2 0 2 1 1 1 1 2 0 
0 0 0 0 0 0 2 1 1 2 0 2 1 1 1 1 2 0 
2 2 2 5 5 8 5 1 1 5 7 5 1 1 1 1 2 0 
2 1 1 1 7 7 7 1 1 7 7 5 1 1 1 1 2 0 
2 1 1 1 5 8 5 1 1 5 7 5 1 1 1 1 2 0 
2 1 1 1 2 0 2 1 1 2 0 2 1 1 1 1 2 0 
2 1 1 1 2 0 2 1 1 2 0 2 1 1 1 1 2 0 
2 1 1 1 2 0 2 1 1 2 0 2 1 1 1 1 2 0 
2 1 1 1 2 0 2 1 1 2 0 2 2 2 2 2 2 0 
2 2 2 2 2 0 2 2 2 2 0 0 0 0 0 0 0 0 
0 0 0 0 0 0 0 0 0 0 0 0 0 0 0 0 0 0 
-9 9
5 8
-9 0
5 8
-3 8
4 16
2 8
6 15
2 2 2 2 2 0 2 2 2 2 2 2 2 2 2 2 0 0 
2 2 2 2 2 0 2 1 1 1 1 1 1 1 1 2 2 0 
2 1 1 1 2 0 2 1 1 1 1 1 1 1 1 2 2 0 
2 1 1 1 2 0 2 1 1 1 1 1 1 1 1 2 2 0 
2 1 1 1 2 8 2 1 1 1 1 1 1 1 1 2 2 0 
2 1 1 1 2 7 2 1 1 1 1 1 1 1 1 2 2 0 
2 1 1 1 5 7 5 1 1 1 1 1 1 1 1 2 2 0 
2 1 1 1 7 7 7 1 1 1 1 1 1 1 1 2 2 0 
2 1 1 1 5 8 5 1 1 1 1 1 1 1 1 2 2 0 
2 1 1 1 2 8 2 1 1 1 1 1 1 1 1 2 2 0 
2 1 1 1 2 7 2 1 1 1 1 1 1 1 1 2 2 0 
2 2 2 2 2 8 2 2 2 5 7 5 2 2 2 2 2 0 
2 1 1 1 2 0 2 1 1 5 7 5 1 1 1 1 2 0 
2 2 2 2 2 2 2 2 2 5 8 5 2 2 2 2 2 0 
2 1 1 1 1 1 1 1 1 2 0 2 1 1 1 1 2 0 
2 1 1 1 1 1 1 1 1 5 8 5 1 1 1 1 2 0 
2 2 2 2 2 5 7 7 7 7 7 7 5 2 2 2 2 0 
0 0 0 0 0 9 8 8 8 8 8 8 9 0 0 0 0 0 
-9 8
5 11
-3 9
10 12
-9 -4
10 4
2 -4
6 4
Event subbed: 30010|SWAPPEDITEM
